GALAXY-1
1 45026U 20005A   23313.49151418 -.00000149  00000-0  00000+0 0  9993
2 45026   0.0222  95.6798 0001998 106.2097 106.5219  1.00269755 13992

GALAXY-2
1 46114U 20056C   23312.46398549  .00000050  00000-0  00000-0 0  9993
2 46114   0.0111 279.3520 0002032 308.6617 221.4253  1.00271646 11746

GALAXY-3
1 54243U 22153A   23312.66288876  .00000026  00000-0  00000-0 0  9991
2 54243   0.0134 266.8221 0002710 348.2724 270.1718  1.00272997  3607

GALAXY-4
1 54244U 22153B   23312.86153076 -.00000160  00000-0  00000-0 0  9997
2 54244   0.0127 309.2038 0001464 348.2121 329.5505  1.00271798  3605

GALAXY-5
1 54741U 22170A   23313.14402589 -.00000147  00000-0  00000+0 0  9990
2 54741   0.0202 270.7586 0001657 335.0019 121.0450  1.00269139  3379

GALAXY-6
1 54742U 22170B   23313.34852432 -.00000169  00000-0  00000+0 0  9993
2 54742   0.0210 265.6997 0001195 229.8036 309.2198  1.00268143  3388

CLUSTER-1
1 26410U 00041A   23314.97816003  .00000587  00000-0  00000-0 0  9995
2 26410 137.2069 354.1254 6904461 208.5603   0.7202  0.44214956 16071

CLUSTER-2
1 26411U 00041B   23312.71956619  .00000472  00000-0  00000-0 0  9997
2 26411 143.5923   6.8115 8558253 220.8935   0.7552  0.44199361 16125

CLUSTER-3
1 26463U 00045A   23314.97642551  .00000895  00000-0  00000-0 0  9994
2 26463 146.3589   5.7813 8059370 220.6307   0.7242  0.44220886 16001

GOES-1
1 23051U 94022A   23311.90276571 -.00000090  00000-0  00000-0 0  9995
2 23051  13.6111  20.6070 0002922  79.8563 290.8605  0.98906261114719

GOES-2
1 23581U 95025A   23312.70448560 -.00000006  00000-0  00000-0 0  9992
2 23581  13.1139  21.1336 0007652 149.3458 219.1342  0.98797699103368

GOES-3
1 24786U 97019A   23309.93660729 -.00000140  00000-0  00000-0 0  9998
2 24786  12.0007  27.5280 0029866 211.6510 149.6994  0.99127098 96619

GOES-4
1 26352U 00022A   23312.84450512  .00000073  00000-0  00000-0 0  9992
2 26352   9.7691  55.1302 0004396 184.0170 184.7385  0.99039355 43052

GOES-5
1 26871U 01031A   23313.50410459 -.00000266  00000-0  00000+0 0  9993
2 26871  10.4412  44.7040 0003890 273.3794  67.8004  0.99140963 81311
